function [TC1, TC2, TC3, TC4, TC5, TC6] = DHC(d4, d5, d6, a2, a3)
    TC1 =  eye(4);
    TC2 = [1 0 0 -a2/2; 0 1 0 0; 0 0 1 0; 0 0 0 1];
    TC3 = [1 0 0 -a3/2; 0 1 0 0; 0 0 1 d4/2; 0 0 0 1];
    TC4 = [1 0 0 0; 0 1 0 -d5/2; 0 0 1 0; 0 0 0 1];
    TC5 =[1 0 0 0; 0 1 0 d6/2; 0 0 1 0; 0 0 0 1];
    TC6 = eye(4);
end
